0.152264 0.7125407272727273 1.2728174545454545 1.8330941818181816 2.393370909090909 2.9536476363636366 3.5139243636363635 4.07420109090909 4.634477818181818 5.194754545454545 5.7550312727272726 6.315308 
6.315308 6.885142454545455 7.4549769090909095 8.024811363636363 8.594645818181817 9.164480272727273 9.734314727272727 10.304149181818183 10.873983636363636 11.44381809090909 12.013652545454546 12.583487 
12.583487 13.134419454545455 13.68535190909091 14.236284363636365 14.787216818181818 15.338149272727273 15.889081727272728 16.44001418181818 16.99094663636364 17.54187909090909 18.092811545454545 18.643744 
18.643744 19.19996890909091 19.75619381818182 20.31241872727273 20.868643636363636 21.424868545454547 21.981093454545455 22.537318363636366 23.093543272727274 23.64976818181818 24.205993090909093 24.762218 
24.762218 25.322743636363636 25.883269272727272 26.44379490909091 27.004320545454547 27.564846181818183 28.12537181818182 28.685897454545454 29.24642309090909 29.80694872727273 30.367474363636365 30.928 
30.928 31.497272727272726 32.066545454545455 32.63581818181818 33.205090909090906 33.77436363636364 34.343636363636364 34.91290909090909 35.482181818181814 36.05145454545455 36.62072727272727 37.19 
37.19 37.733608636363634 38.27721727272727 38.82082590909091 39.36443454545454 39.90804318181818 40.451651818181816 40.99526045454545 41.53886909090909 42.082477727272725 42.62608636363636 43.169695 
43.169695 43.72396018181818 44.27822536363636 44.83249054545455 45.38675572727273 45.94102090909091 46.49528609090909 47.04955127272727 47.60381645454545 48.15808163636364 48.71234681818182 49.266612 
49.266612 49.83919272727273 50.411773454545454 50.98435418181818 51.55693490909091 52.129515636363635 52.702096363636365 53.274677090909094 53.847257818181816 54.419838545454546 54.99241927272727 55.565 
55.565 56.144 56.723 57.302 57.881 58.459999999999994 59.038999999999994 59.617999999999995 60.196999999999996 60.775999999999996 61.355 61.934 
61.934 62.485622 63.037243999999994 63.588865999999996 64.14048799999999 64.69211 65.243732 65.795354 66.346976 66.89859799999999 67.45022 68.001842 
68.001842 68.56966027272728 69.13747854545454 69.70529681818182 70.27311509090909 70.84093336363637 71.40875163636363 71.97656990909091 72.54438818181818 73.11220645454546 73.68002472727272 74.247843 
74.247843 74.813393 75.378943 75.944493 76.510043 77.075593 77.641143 78.206693 78.772243 79.33779299999999 79.90334299999999 80.468893 
80.468893 81.04635727272726 81.62382154545455 82.20128581818182 82.77875009090909 83.35621436363635 83.93367863636364 84.5111429090909 85.08860718181818 85.66607145454545 86.24353572727273 86.821 
86.821 87.38745454545455 87.9539090909091 88.52036363636364 89.08681818181819 89.65327272727274 90.21972727272727 90.78618181818182 91.35263636363636 91.91909090909091 92.48554545454546 93.052 
