0.152264 0.665851 1.179438 1.693025 2.2066120000000002 2.7201990000000005 3.2337860000000003 3.747373 4.26096 4.774547 5.288134 5.801721 
6.315308 6.83765625 7.3600045000000005 7.882352750000001 8.404701000000001 8.927049250000001 9.449397500000002 9.971745750000002 10.494094000000002 11.016442250000003 11.538790500000003 12.061138750000003 
12.583487 13.088508416666667 13.593529833333333 14.09855125 14.603572666666667 15.108594083333333 15.6136155 16.118636916666667 16.62365833333333 17.12867975 17.63370116666667 18.138722583333333 
18.643744 19.153616833333334 19.663489666666667 20.1733625 20.683235333333332 21.193108166666665 21.702980999999998 22.21285383333333 22.722726666666663 23.232599499999996 23.74247233333333 24.25234516666666 
24.762218 25.276033166666668 25.789848333333335 26.303663500000003 26.81747866666667 27.331293833333337 27.845109000000004 28.35892416666667 28.87273933333334 29.386554500000006 29.900369666666673 30.41418483333334 
30.928 31.449833333333334 31.971666666666668 32.4935 33.01533333333333 33.537166666666664 34.059 34.58083333333333 35.102666666666664 35.6245 36.14633333333333 36.668166666666664 
37.19 37.688307916666666 38.186615833333335 38.68492375 39.18323166666667 39.68153958333334 40.17984750000001 40.67815541666668 41.176463333333345 41.67477125000001 42.17307916666668 42.67138708333335 
43.169695 43.677771416666666 44.185847833333334 44.69392425 45.20200066666667 45.71007708333334 46.21815350000001 46.726229916666675 47.23430633333334 47.74238275000001 48.25045916666668 48.75853558333335 
49.266612 49.791477666666665 50.31634333333333 50.84120899999999 51.366074666666655 51.89094033333332 52.41580599999998 52.940671666666645 53.46553733333331 53.99040299999997 54.515268666666636 55.0401343333333 
55.565 56.095749999999995 56.62649999999999 57.15724999999999 57.68799999999999 58.218749999999986 58.74949999999998 59.28024999999998 59.81099999999998 60.341749999999976 60.872499999999974 61.40324999999997 
61.934 62.4396535 62.945307 63.4509605 63.956614 64.4622675 64.967921 65.47357450000001 65.979228 66.4848815 66.99053500000001 67.49618850000002 
68.001842 68.52234208333333 69.04284216666666 69.56334224999999 70.08384233333332 70.60434241666665 71.12484249999999 71.64534258333332 72.16584266666665 72.68634274999998 73.20684283333331 73.72734291666664 
74.247843 74.76626383333334 75.28468466666668 75.80310550000002 76.32152633333335 76.83994716666669 77.35836800000003 77.87678883333336 78.3952096666667 78.91363050000004 79.43205133333338 79.95047216666671 
80.468893 80.99823525 81.52757749999999 82.05691974999999 82.58626199999999 83.11560424999999 83.64494649999999 84.17428874999999 84.70363099999999 85.23297324999999 85.76231549999999 86.29165774999998 
86.821 87.34025 87.8595 88.37875 88.898 89.41725 89.9365 90.45575 90.975 91.49425 92.0135 92.53275 
